#100 result

Solution of the first Scenario
[[8 7 5]
 [4 1 2]
 [3 0 6]]


to
[[8 7 5]
 [4 0 2]
 [3 1 6]]


to
[[8 7 5]
 [4 2 0]
 [3 1 6]]


to
[[8 7 0]
 [4 2 5]
 [3 1 6]]


to
[[8 0 7]
 [4 2 5]
 [3 1 6]]


to
[[8 2 7]
 [4 0 5]
 [3 1 6]]


to
[[8 2 7]
 [4 1 5]
 [3 0 6]]


to
[[8 2 7]
 [4 1 5]
 [3 6 0]]


to
[[8 2 7]
 [4 1 0]
 [3 6 5]]


to
[[8 2 0]
 [4 1 7]
 [3 6 5]]


to
[[8 0 2]
 [4 1 7]
 [3 6 5]]


to
[[0 8 2]
 [4 1 7]
 [3 6 5]]


to
[[4 8 2]
 [0 1 7]
 [3 6 5]]


to
[[4 8 2]
 [1 0 7]
 [3 6 5]]


to
[[4 0 2]
 [1 8 7]
 [3 6 5]]


to
[[0 4 2]
 [1 8 7]
 [3 6 5]]


to
[[1 4 2]
 [0 8 7]
 [3 6 5]]


to
[[1 4 2]
 [3 8 7]
 [0 6 5]]


to
[[1 4 2]
 [3 8 7]
 [6 0 5]]


to
[[1 4 2]
 [3 0 7]
 [6 8 5]]


to
[[1 4 2]
 [3 7 0]
 [6 8 5]]


to
[[1 4 2]
 [3 7 5]
 [6 8 0]]


to
[[1 4 2]
 [3 7 5]
 [6 0 8]]


to
[[1 4 2]
 [3 0 5]
 [6 7 8]]


to
[[1 0 2]
 [3 4 5]
 [6 7 8]]


to
[[0 1 2]
 [3 4 5]
 [6 7 8]]


to
Name          Average_Steps    Average_Time   Average_Iterations
IterativeDeepening: 22.33   52.53634803000002   715606.46 
aStarMisplacedTiles: 22.33   0.631127110000034   638.62 
aStarManhattanDistance: 22.33   0.5143966499999533   469.6 
